

# data for the days
times1 <- c(5.2,6.1,6.5,8.25,8.4,9.3,12,14.4,16,16.4,16.48,17.03,17.13,17.45,18.2,20.58,23.27,23.28,23.35,23.36,23.43,23.44,23.48,23.49,23.56,23.57,3.07,3.56,5.45,5.46,5.52,5.53,6.49,6.5,6.56,6.57,7.06,7.07,7.15)
times2<- c(7.15,8.48,10.11,10.46,11.01,11.11,11.16,11.25,11.5,11.54,13.34,13.5,16.12,19,19.4,21.15,0.56,1.2,4.15,4.45,4.55,5.05,6.45)
times3 <- c(6.45,8.1,8.54,8.55,9.44,10.04,10.12,12,12.45,12.5,13.35,13.4,14.3,14.35,14.42,14.53,15,16.51,17.19,17.27,17.33,19.55,23.22,23.5,2.25,2.5,4,4.03,4.17,4.48,7.3)
times4 <- c(7.3,9.1,9.15,9.2,9.54,9.59,11.35,13.5,14.23,15.06,15.55,16.1,17.1,18.48,19,19.06,21.12,21.5,0.4,1.09,4.2,5.44,7.08,7.12,7.15)
times5 <- c(7.15,8.34,9.2,11.3,12.1,12.11,13.1,15.07,15.34,15.42,15.45,15.48,16.45,16.56,17.3,20.2,22.3,22.4,23.54,23.55,23.57,0.23,3.1,3.2,3.21,4.56,5.5,5.56,6.52)
times6 <- c(6.52,8.4,9.16,9.17,9.5,11.2,12.5,12.52,13.15,13.18,13.25,13.28,13.3,15.52,16.23,19.35,23.3,0.1,2.3,2.33,2.4,2.49,3.58,4,4.04,4.43,5.40,5.49,6.55)
times7 <- c(6.55,8.45,9.2,9.25,10.1,11.35,12,13.58,14.3,14.4,14.45,15.45,16,16.01,16.21,16.25,16.48,16.49,17.3,20,23.20,23.35,0.48,1.10,3.05,4.3,5.08,6.33,7.23,7.24,7.30,7.31,7.54)
times8 <- c(7.55,8.4,9.05,9.35,11,11.4,11.43,11.5,12.35,13.05,13.48,15.45,16.5,19.2,22.23,22.47,23.43,0.18,3.16,3.5,4,4.35,6.13,6.42,7.15)
times9 <- c(7.15,9,9.45,11.25,12.10,12.25,13.25,15.35,15.5,16.45,18.18,19.45,23,23.27,2.1,2.3,2.31,2.51,3.04,3.55,5.17,5.22,6.10,6.11,6.55)
times10 <- c(6.55,8.30,8.55,9.2,9.22,9.25,10.2,10.27,10.34,12.10,12.3,13.35,14.35,14.36,15.18,15.20,16.05,16.06,16.10,19.39,20.11,20.13,22.57,23.23,2.22,3.14,3.18,3.24,5.2,5.23,5.27,5.34,5.42)
times11 <- c(5.42,7.50,8.16,8.17,8.37,8.38,9.11,11.1,11.37,11.45,12.40,12.50,13.05,14.50,15.12,19.10,21.11,21.22,22.34,22.5,2,2.15,2.3,3,5.10,5.17,5.22,5.37,6.15)
times12 <- c(6.15,8.13,8.50,9.02,9.05,10.50,11.15,11.25,12.10,12.20,12.35,12.40,12.43,12.46,12.51,12.55,13.40,15.35,16,19.20,19.50,19.56,22.13,22.36,0.52,0.59,2.15,2.21,3.45,4,5.37,5.41,6.22,6.24,7.17)
times13 <-c(7.17,9.10,9.43,9.49,9.53,9.57,10.17,10.18,10.25,11.30,12.15,14,14.10,14.14,15.40,15.42,15.46,17.22,17.50,20,20.03,20.09,22.38,22.46,23.53,0.16,2.05,2.15,3.21,3.29,3.35,4.24,6.02,6.03,6.16,6.17,6.25)
times14 <- c(6.25,8.05,8.27,8.4,9.38,12,12.3,15.47,16.10,16.59,17.3,19.4,22.15,22.23,23.34,0.12,3.24,3.30,4,4.30,6,6.06,6.26)
times15 <- c(6.26,7.56,9.17,9.24,9.55,11.44,12.04,12.07,12.15,14,14.3,14.4,15.47,15.48,16.14,16.18,16.24,17.45,18.14,20.45,22.34,22.56,0.20,0.45,1.50,1.57,2.05,2.32,4.14,4.17,4.32,5.12,5.35,5.45,6.05)
times16 <- c(6.05,7.28,7.55,8.10,8.17,8.21,8.41,8.42,9.57,11.40,15.55,14.53,15.22,15.35,15.45,17.25,17.55,19.45,22.15,22.25,23.53,0.2,2.29,2.31,2.39,2.49,2.55,3,3.49,4.47,5.40,5.50,6.3,6.37,6.5)
times17 <- c(6.50,8.06,8.31,8.42,8.47,8.50,8.54,8.57,9.45,11.52,12.16,12.21,13.23,15.05,15.38,15.48,15.54,15.56,16,16.12,16.17,19.03,21.2,21.25,21.30,21.33,22.52,23.24,0.38,0.45,3,3.42,3.48,3.56,5.39,5.46,5.52)
times18 <- c(5.52,7.31,8.40,8.47,8.48,8.55,9.03,10.51,11.16,11.27,12.3,12.44,12.52,12.59,13.1,14.38,15.03,16.35,17.25,19.35,21.21,21.3,22.23,22.52,1.49,2.59,4.5,5,6)
times19 <- c(6,7.55,8.20,8.52,10,12.05,13.3,15.15,15.40,18.45,21.03,21.08,22.19,22.45,1,1.1,2.05,2.43,5.21)
times20 <- c(5.3,7.17,8.34,10.45,11.18,12.4,13.05,15.15,15.50,15.56,16.58,17,17.07,17.1,17.4,19.4,22.47,23,0.11,0.53,3.41,4.51,6.36)
times21 <- c(6.36,7.56,8.06,8.2,9.17,11.12,12.32,12.35,12.42,12.48,12.52,15.15,15.48,16.07,16.1,17.37,18.1,20.15,0.11,0.3,3.26,4.35,5.3,5.32,5.56,6,6.46)
times22 <- c(6.46,8.5,9.13,9.28,10.42,12.2,12.5,16.03,16.31,16.38,17.32,19.1,0.04,0.53,3.46,4.15,5.5,5.55,6.03,6.05,6.36)
times23<- c(6.36,7.15,8.25,9.33,10.3,11.4,12.11,12.23,12.29,12.35,13.4,15.45,16.16,17.22,18.08,19.15,22.2,22.25,2.25,3.48,5.25,5.34,6.25,6.27,6.59)
times24 <- c(6.59,8.53,9.41,9.45,10.23,12.22,12.5,13.03,13.55,17.2,17.54,19.13,22.45,22.5,23.55,0.25,3.2,4.21,5.10,5.15,5.45)
times25 <- c(5.45,8.25,8.47,9.1,9.16,9.2,10.15,10.3,10.4,12.2,12.5,13.09,13.5,13.55,13.59,16.07,16.42,19.05,21.49,21.55,23.58,0.14,2.09,3.01,3.36,4.15,4.59,5.04,5.36)
times26 <- c(5.36,6.53,7.1,8,8.53,10.45,11.05,11.23,11.37,11.39,12.17,14.3,14.5,16.4,17.15,19.27,23.45,0.11,2.27,2.35,3.37,4.51,4.55,5,5.4)
times27 <- c(5.4,7.33,8.01,10.25,11.01,12.35,13.05,14.23,14.26,14.57,15.23,15.49,15.57,16.45,16.55,17.3,17.4,19.1,21.05,21.1,21.23,21.25,22.06,22.25,22.3,22.35,23.47,0.07,2.43,2.52,4,5.03,5.3,5.37,5.45,5.5,6.21)
# March 1
times28<- c(6.21,7.48,8.15,9.35,10.13,12.03,12.44,12.48,13.35,15.00,15.36,18.15,21.00,22.15,2.15,2.45,5.11,5.22,5.3)
times29<- c(5.3,7.06,7.4,9.02,9.41,9.45,9.5,12.07,12.5,13.26,14.07,14.2,14.25,16.37,17.3,19.15,21.25,21.39,0.3,0.33,1.48,2.15,4.03,4.08,4.12,4.18,4.27,4.28,4.4,5.15,5.4,5.42,6.00)
# supervised naps starting
times30 <- c(6.00,7.2,7.45,8.42,9.15,11.22,11.5,11.55,11.58,12.00,12.05,12.08,12.12,12.13,12.57,14.52,15.2,15.27,15.37,15.42,15.44,15.45,15.49,15.51,16.4,16.44,16.47,19.15,21.47,21.52,22.00,22.18,1.13,1.37,2.37,3.28,3.33,3.48,5.18,5.36,6.15)
times31 <- c(6.15,7.54,8.35,8.38,8.46,10.01,10.35,10.38,11.45,14.12,14.38,14.41,14.49,15.00,15.05,15.08,15.17,15.25,15.29,17.17,17.46,19.35,21.33,21.47,0.28,1.15,1.2,1.28,2.26,2.58,4.35,4.42,4.5,5.1,5.35,5.4,5.51,5.53,5.58)
# weaning from pacifier starts
times32 <- c(5.58,7.5,9.05,10.18,10.28,14.06,14.36,17.13,17.53,18.4,19.49,19.52,20.1,20.16,20.21,20.4,21.3,21.47,0.36,0.53,3.00,4.15,4.48,5.2,5.3,5.44,6.25)
times33 <- c(6.25,8.25,8.43,8.45,9.35,11.39,12.1,13.59,14.26,14.28,14.46,16.00,16.27,19.2,23.26,23.49,3.27,4.36,5.26,6.5,5.55)
times34 <- c(5.55,7.47,9.11,12.02,12.33,12.48,13.5,14.21,15.16,19.05,22.25,22.49,1.22,2.3,3.2,3.33,5.26)
# weaning from 3-4 am feeding starts 
times35 <- c(5.26,7.25,9.36,11.44,12.2,12.38,14.17,17.1,17.36,19.18,20.25,20.38,21.25,21.52,0.05,0.26,2.57,2.59,3.47,4.34,5.16,6.25,6.45)
# weaning from pacifier ends, failed (at 22.11). 09.03.2014
times36 <- c(6.45,8.1,9.37,11.17,11.41,11.56,12.59,15.01,15.35,18.54,20.25,20.34,21.26,22.11,1.18,1.38,4.25,4.5,5.36)
times37 <- c(5.36,8.0,8.36,8.45,9.45,11.52,12.59,13.04,14.02,16.21,17.32,19.27,22.31,22.42,0.1,0.25,1.35,1.57,3.18,3.23,3.33,3.38,4.18,4.3,5.03,5.07,5.52)
times38 <- c(5.52,7.5,9.18,12.00,12.3,14.02,15.4,17.09,17.52,19.3,20.23,20.27,23.46,0.13,2.13,2.58,3.23,3.29,4.00,5.41,6.18)
times39 <- c(6.18,8.05,10.13,12.05,12.38,12.49,13.39,16.08,16.4,19.15,21.25,21.45,23.2,0.01,0.56,1.35,3.2,3.37,3.56,4.06,5.45)
times40 <- c(5.45,7.42,8.08,8.15,9.1,9.18,10.05,12.15,12.48,13.18,14.49,17.02,17.45,19.43,22.1,22.5,1.48,2.15,3.19,3.47,4.3,4.56,5.08,5.1,5.47)
times41 <-
  c(5.47,7.4,8.35,8.38,9.03,9.27,9.33,9.36,10.1,12.56,13.25,14.21,15.14,18.30,19.48,19.53,21.32,22.1,23.3,23.42,0.2,0.45,1.25,2.54,3.54,4.04,4.5,5.14,5.3)
times42 <-
  c(5.3,7.2,7.39,8.08,8.45,10.36,12.04,13.3,14.45,17.16,17.5,18.4,20.24,20.37,21.3,21.46,22.57,23.19,23.5,0.1,0.52,1.13,2.43,2.5,3.01,3.03,3.42,4.47,5.15)
times43 <- c(5.15,7.15,7.35,9.01,10.3,12.46,13.2,13.31,14.16,14.2,14.25,16.56,17.26,18.56,20.54,20.56,21.56,22.15,23.2,23.41,0.2,1.05,2.15,2.36,3.51,3.55,4.41,4.52,5.3)
times44 <-
  c(5.3,8.1,8.38,9.1,9.59,11.38,12.03,13.51,14.33,14.45,15.17,16.58,17.21,19.25,20.14,20.18,22.2,22.3,22.34,22.38,22.44,22.50,23.50,0.13,2.22,2.35,3.18,4.24,5.01,5.4,5.46,5.5,6.26)
# 18.03.14
times45 <-
  c(6.26,8.12,8.46,9.01,10.17,11.45,12.14,14.2,14.45,14.5,14.54,16.52,17.36,19.0,22.1,22.38,22.49,22.51,0.09,0.2,3.11,3.39,4.43,4.53,5.25)
times46 <- c(5.25,7.15,7.36,8.45,10.12,11.33,12.52,14.21,14.59,17.02,17.39,19.19,21.56,22.03,22.12,22.13,22.51,22.53,00.16,00.35,2.15,2.18,3.12,3.18,4.03,4.15,5.21)
times47 <-
  c(5.21,7.22,7.45,9.09,10.27,11.53,12.26,14.07,14.46,16.34,18.18,19.55,23.01,23.41,1.41,2.39,5.26)
times48 <-
  c(5.26,7.3,7.58,9.08,9.49,10.26,11.13,13.43,14.28,15.52,16.48,18.5,23.05,23.06,23.1,23.13,23.17,23.18,23.24,23.37,1.54,1.59,3.36,3.44,4.41,4.46,5.33)
